ASC_CAR = -0.15463267198926423
ASC_TRAIN = -0.7011872849436432
B_COST = -1.0837900371207707
B_TIME = -1.2778589565196685
