ASC_CAR = -0.16715041975748238
ASC_TRAIN = -0.5119499672637102
B_COST = -0.8566715439718845
B_TIME = -0.8986747441354961
MU = 2.054024269172535
